0.11
theta_balance = 0.000000
F_convergence:
[[    9.97380260  -1.71703700 -71.08425700  51.79369484   0.84559079  11.60256050  -0.86103496  -2.43139688   1.40372989   0.00094605
 [    9.97380260   1.71703700 -71.08425700   0.84559079  51.79369484  11.60256050   0.86103496  -2.43139688   0.00094605   1.40372989]
 [  -11.16315976  -1.36994579 -63.08510080 -72.67954468 -14.03766441 -13.75677403  -0.67455426  -5.08611913  -1.97142315  -0.75662645]
 [  -11.16315976   1.36994579 -63.08510079 -14.03766440 -72.67954468 -13.75677403   0.67455426  -5.08611913  -0.75662645  -1.97142315]]

0.12
theta_balance = 0.000000
F_convergence:
[[   10.20937590  -1.68105863 -69.66571419  53.20077904   0.95091936  11.67612313  -0.83904994  -2.35553473   1.39549738  -0.00104731
 [   10.20937589   1.68105863 -69.66571419   0.95091935  53.20077903  11.67612312   0.83904994  -2.35553473  -0.00104731   1.39549738]
 [  -10.86600238  -1.41196123 -64.67198114 -72.32583849 -14.98035358 -13.16426042  -0.69365683  -5.14535967  -1.90885817  -0.72235583]
 [  -10.86600238   1.41196123 -64.67198115 -14.98035359 -72.32583848 -13.16426043   0.69365683  -5.14535967  -0.72235583  -1.90885817]]

0.13
theta_balance = 0.000000
F_convergence:
[[   10.44990730  -1.64010052 -68.17743480  54.72457007   1.01686927  11.76943499  -0.81473247  -2.27224680   1.39379006  -0.00393354
 [   10.44990730   1.64010052 -68.17743480   1.01686927  54.72457007  11.76943499   0.81473247  -2.27224680  -0.00393354   1.39379006]
 [  -10.56446414  -1.45736703 -66.26050683 -71.98762585 -16.04600828 -12.60676416  -0.71428633  -5.21235318  -1.85572040  -0.69643425]
 [  -10.56446414   1.45736703 -66.26050683 -16.04600828 -71.98762585 -12.60676416   0.71428633  -5.21235318  -0.69643425  -1.85572040]]

0.14
theta_balance = 0.000000
F_convergence:
[[   10.69606825  -1.59348766 -66.62629789  56.38582975   1.04340787  11.88105106  -0.78779221  -2.18132088   1.40011458  -0.00774739
 [   10.69606825   1.59348766 -66.62629789   1.04340787  56.38582975  11.88105106   0.78779221  -2.18132088  -0.00774739   1.40011458]
 [  -10.26315816  -1.50616330 -67.83942490 -71.68897980 -17.27063506 -12.08390641  -0.73643698  -5.28720665  -1.81348522  -0.68027394]
 [  -10.26315816   1.50616330 -67.83942490 -17.27063506 -71.68897980 -12.08390641   0.73643698  -5.28720665  -0.68027394  -1.81348522]]

0.15
theta_balance = 0.000000
F_convergence:
[[   10.94890621  -1.54044460 -65.01699583  58.20674140   1.03481261  12.01043183  -0.75788797  -2.08229745   1.41600435  -0.01240593
 [   10.94890621   1.54044460 -65.01699583   1.03481261  58.20674140  12.01043183   0.75788797  -2.08229745  -0.01240593   1.41600435]
 [   -9.96579564  -1.55829110 -69.40135526 -71.44836787 -18.69490365 -11.59520136  -0.76007791  -5.37025815  -1.78329876  -0.67530966]
 [   -9.96579564   1.55829110 -69.40135526 -18.69490365 -71.44836787 -11.59520136   0.76007791  -5.37025815  -0.67530966  -1.78329876]]

0.16
theta_balance = 0.000000
F_convergence:
[[   11.20933043  -1.48011035 -63.35256240  60.20794783   1.00042319  12.15723279  -0.72463692  -1.97456670   1.44300778  -0.01769102
 [   11.20933043   1.48011035 -63.35256240   1.00042319  60.20794783  12.15723279   0.72463692  -1.97456670  -0.01769102   1.44300778]
 [   -9.67487141  -1.61358693 -70.94163875 -71.27729931 -20.36418936 -11.13953771  -0.78513239  -5.46194974  -1.76604043  -0.68309511]
 [   -9.67487141   1.61358693 -70.94163875 -20.36418936 -71.27729931 -11.13953771   0.78513239  -5.46194974  -0.68309511  -1.76604043]]

0.17
theta_balance = 0.000000
F_convergence:
[[   11.47766419  -1.41156137 -61.63464362  62.40547970   0.95592650  12.32073225  -0.68762625  -1.85745054   1.48265377  -0.02320843
 [   11.47768446   1.41156156 -61.63461860   0.95594124  62.40551809  12.32075443   0.68762634  -1.85744684  -0.02320793   1.48265443]
 [   -9.39132993  -1.67173524 -72.45754257 -71.17955173 -22.32809363 -10.71469844  -0.81145618  -5.56271661  -1.76235414  -0.70536576]
 [   -9.39134995   1.67173506 -72.45756467 -22.32808629 -71.17959599 -10.71472043   0.81145610  -5.56272021  -0.70536613  -1.76235482]]

0.18
theta_balance = 0.000000
F_convergence:
[[   11.75345045  -1.33385462 -59.86333386  64.80869448   0.92509026  12.49956397  -0.64643336  -1.73024025   1.53641744  -0.02832121
 [   11.75345045   1.33385462 -59.86333385   0.92509026  64.80869448  12.49956397   0.64643336  -1.73024025  -0.02832121   1.53641744]
 [   -9.11441449  -1.73221423 -73.94788821 -71.15233160 -24.63944188 -10.31711442  -0.83881292  -5.67291607  -1.77268966  -0.74407987]
 [   -9.11441449   1.73221423 -73.94788822 -24.63944188 -71.15233159 -10.31711442   0.83881292  -5.67291607  -0.74407987  -1.77268966]]

0.19
theta_balance = 0.000000
F_convergence:
[[   12.03526578  -1.24608944 -58.03750463  67.41855492   0.94125900  12.69158183  -0.60065407  -1.59223637   1.60568646  -0.03206787
 [   12.03526578   1.24608944 -58.03750463   0.94125900  67.41855492  12.69158183   0.60065407  -1.59223637  -0.03206787   1.60568646]
 [   -8.84172275  -1.79424589 -75.41230926 -71.18805280 -27.35176383  -9.94196196  -0.86685141  -5.79279100  -1.79736369  -0.80143358]
 [   -8.84172275   1.79424589 -75.41230926 -27.35176383 -71.18805280  -9.94196196   0.86685141  -5.79279100  -0.80143358  -1.79736369]]

0.20
theta_balance = 0.000000
F_convergence:
[[   12.32111354  -1.14750025 -56.15375297  70.22881042   1.04972798  12.89420364  -0.54994457  -1.44267714   1.69176174  -0.03305241
 [   12.32111354   1.14750025 -56.15375297   1.04972798  70.22881042  12.89420364   0.54994457  -1.44267714  -0.03305241   1.69176174]
 [   -8.56949723  -1.85675194 -76.85164125 -71.27977554 -30.51743987  -9.58336851  -0.89508574  -5.92248662  -1.83666610  -0.87985916]
 [   -8.56949723   1.85675194 -76.85164125 -30.51743987 -71.27977554  -9.58336851   0.89508574  -5.92248662  -0.87985916  -1.83666610]]

0.21
theta_balance = 0.000000
F_convergence:
[[   12.60870267  -1.03757569 -54.20604908  73.22786414   1.30883171  13.10474670  -0.49407512  -1.28067702   1.79587486  -0.02933617
 [   12.60871307   1.03757575 -54.20603192   1.30884191  73.22788954  13.10475771   0.49407515  -1.28067480  -0.02933584   1.79587530]
 [   -8.29303264  -1.91833345 -78.26769507 -71.42601968 -34.18408627  -9.23485807  -0.92288594  -6.06209248  -1.89098824  -0.98199014]
 [   -8.29303905   1.91833340 -78.26770468 -34.18407955 -71.42604268  -9.23486488   0.92288592  -6.06209382  -0.98199026  -1.89098856]]

0.22
theta_balance = 0.000000
F_convergence:
[[   12.89595977  -0.91619772 -52.18419313  76.40324250   1.79108195  13.32088314  -0.43299275  -1.10509108   1.91925262  -0.01832280
 [   12.89595977   0.91619772 -52.18419313   1.79108195  76.40324250  13.32088314   0.43299275  -1.10509108  -0.01832280   1.91925262]
 [   -8.00694017  -1.97728966 -79.66378066 -71.63715634 -38.39206131  -8.88952805  -0.94948646  -6.21167941  -1.96097865  -1.11060507]
 [   -8.00694017   1.97728966 -79.66378066 -38.39206131 -71.63715634  -8.88952805   0.94948646  -6.21167941  -1.11060507  -1.96097865]]

0.23
theta_balance = 0.000000
F_convergence:
[[   13.18124065  -0.78377512 -50.07319699  79.74598716   2.58250490  13.54086335  -0.36688114  -0.91441881   2.06321429   0.00333349
 [   13.18125126   0.78377516 -50.07317666   2.58251718  79.74601717  13.54087445   0.36688116  -0.91441633   0.00333391   2.06321487]
 [   -7.70539452  -2.03169500 -81.04442635 -71.93912144 -43.17097822  -8.54029152  -0.97402079  -6.37133267  -2.04769634  -1.26854461]
 [   -7.70539909   2.03169497 -81.04443437 -43.17096882 -71.93914475  -8.54029632   0.97402078  -6.37133371  -1.26854468  -2.04769667]]

0.24
theta_balance = 0.000000
F_convergence:
[[   13.46356873  -0.64134586 -47.85206322  83.25689068   3.78121950  13.76370902  -0.29620683  -0.70666743   2.22933833   0.03980391
 [   13.46356873   0.64134586 -47.85206321   3.78121950  83.25689068  13.76370902   0.29620683  -0.70666743   0.03980391   2.22933833]
 [   -7.38219996  -2.07953755 -82.41527213 -72.37623880 -48.53751899  -8.17987861  -0.99558365  -6.54116115  -2.15275716  -1.45862200]
 [   -7.38219996   2.07953755 -82.41527213 -48.53751900 -72.37623880  -8.17987861   0.99558365  -6.54116115  -1.45862200  -2.15275716]]

0.25
theta_balance = 0.000000
F_convergence:
[[   13.74255393  -0.49060888 -45.49281293  86.95316827   5.49524576  13.98907220  -0.22173340  -0.47925001   2.41969397   0.09613600
 [   13.74254320   0.49060887 -45.49283701   5.49523088  86.95313239  13.98906108   0.22173339  -0.47925278   0.09613544   2.41969320]
 [   -7.03060665  -2.11891164 -83.78255119 -73.01139087 -54.49491235  -7.80058417  -1.01331757  -6.72125178  -2.27843951  -1.68354132]
 [   -7.03060397   2.11891165 -83.78254567 -54.49492558 -73.01136771  -7.80058138   1.01331757  -6.72125110  -1.68354132  -2.27843920]]

0.26
theta_balance = 0.000000
F_convergence:
[[   14.01822281  -0.33385932 -42.95974910  90.87515814   7.84026394  14.21703827  -0.14449251  -0.22887577   2.63714495   0.17829940
 [   14.01823356   0.33385932 -42.95972294   7.84028033  90.87519752  14.21704936   0.14449251  -0.22887284   0.17830006   2.63714584]
 [   -6.64314819  -2.14823267 -85.15210138 -73.92318074 -61.03361409  -7.39406974  -1.02650943  -6.91161003  -2.42772929  -1.94584214]
 [   -6.64314992   2.14823268 -85.15210523 -61.03359838 -73.92320353  -7.39407154   1.02650944  -6.91161050  -1.94584209  -2.42772958]]

0.27
theta_balance = 0.000000
F_convergence:
[[   14.29077046  -0.17382494 -40.20860153  95.09306669  10.93844897  14.44784703  -0.06571045   0.04857735   2.88572319   0.29325972
 [   14.29077046   0.17382494 -40.20860153  10.93844897  95.09306669  14.44784703   0.06571045   0.04857735   0.29325972   2.88572319]
 [   -6.21140346  -2.16642828 -86.52800362 -75.20065553 -68.13356282  -6.95108730  -1.03467639  -7.11206049  -2.60428163  -2.24787950]
 [   -6.21140346   2.16642828 -86.52800362 -68.13356282 -75.20065553  -6.95108730   1.03467639  -7.11206049  -2.24787950  -2.60428163]]

0.28
theta_balance = 0.000000
F_convergence:
[[   14.56004434  -0.01342705 -37.18610355  99.71212961  14.91917563  14.68135566   0.01329924   0.35815758   3.17103766   0.44911135
 [   14.56005504   0.01342702 -37.18607278  14.91919562  99.71217737  14.68136662  -0.01329925   0.35816087   0.44911226   3.17103888]
 [   -5.72572144  -2.17306069 -87.91066277 -76.93543794 -75.76736861  -6.46117726  -1.03762090  -7.32210022  -2.81227981  -2.59183059]
 [   -5.72572131   2.17306072 -87.91066232 -75.76734655 -76.93545904  -6.46117714   1.03762092  -7.32210018  -2.59183036  -2.81228001]]

0.29
theta_balance = 0.000000
F_convergence:
[[   14.82516786   0.14448581 -33.82874302 104.87773396  19.92326268  14.91664783   0.09125547   0.70602361   3.50074499   0.65534418
 [   14.82515722  -0.14448577 -33.82877636  19.92324052 104.87768115  14.91663696  -0.09125545   0.70602012   0.65534311   3.50074357]
 [   -5.17493685  -2.16835206 -89.29444955 -79.21315618 -83.90288583  -5.91235776  -1.03544217  -7.54069787  -3.05619687  -2.97969211]
 [   -5.17493789   2.16835202 -89.29445271 -83.90291190 -79.21313657  -5.91235880   1.03544215  -7.54069821  -2.97969247  -3.05619674]]

0.30
theta_balance = 0.000000
F_convergence:
[[   15.08380852   0.29737649 -30.06207307 110.77868106  26.10984915  15.15129599   0.16701682   1.09958683   3.88504117   0.92324828
 [   15.08379795  -0.29737643 -30.06210920  26.10982447 110.77862246  15.15128522  -0.16701680   1.09958312   0.92324701   3.88503950]
 [   -4.54608774  -2.15311223 -90.66444162 -82.10332977 -92.50374309  -5.29082675  -1.02850378  -7.76601107  -3.34044136  -3.41321116]
 [   -4.54608965   2.15311217 -90.66444791 -92.50377387 -82.10331226  -5.29082868   1.02850376  -7.76601174  -3.41321168  -3.34044135]]

0.31
theta_balance = 0.000000
F_convergence:
[[   15.33146342   0.44318948 -25.79939950 117.65124154  33.66616822  15.38065093   0.23965829   1.54773633   4.33724250   1.26651159
 [   15.33146342  -0.44318948 -25.79939950  33.66616822 117.65124154  15.38065093  -0.23965829   1.54773633   1.26651159   4.33724250]
 [   -3.82414630  -2.12859519 -91.99203720 -85.64858358 -101.52548229  -4.58068045  -1.01736925  -7.99498808  -3.66887248  -3.89366184]
 [   -3.82414630   2.12859519 -91.99203719 -101.52548229 -85.64858357  -4.58068045   1.01736925  -7.99498808  -3.89366184  -3.66887248]]

0.32
theta_balance = 0.000000
F_convergence:
[[   15.56042347   0.58043238 -20.93979429 125.78507916  42.82126782  15.59678340   0.30850793   2.06108220   4.87448516   1.70203268
 [   15.56040267  -0.58043221 -20.93987939  42.82120566 125.78493315  15.59676229  -0.30850785   2.06107370   1.70202913   4.87448054]
 [   -2.99158480  -2.09632319 -93.22912475 -89.85311109 -110.90762017  -3.76344601  -1.00272303  -8.22274093  -4.04410912  -4.42135823]
 [   -2.99159197   2.09632302 -93.22915291 -110.90770602 -89.85308948  -3.76345327   1.00272295  -8.22274382  -4.42136022  -4.04410984]]

0.33
theta_balance = 0.000000
F_convergence:
[[   15.75821526   0.70817806 -15.36850089 135.52760139  53.85708656  15.78694653   0.37314831   2.65209335   5.51851202   2.25085556
 [   15.75819464  -0.70817785 -15.36859349  53.85701610 135.52743724  15.78692563  -0.37314822   2.65208418   2.25085134   5.51850657]
 [   -2.02839991  -2.05791492 -94.29949233 -94.66421339 -120.55580652  -2.81811336  -0.98529324  -8.44175045  -4.46651817  -4.99477200]
 [   -2.02840867   2.05791472 -94.29953021 -120.55590810 -94.66420209  -2.81812222   0.98529315  -8.44175430  -4.99477468  -4.46651947]]

0.34
theta_balance = 0.000000
F_convergence:
[[   15.90570321   0.82600248  -8.95596414 147.29322783  67.12418800  15.93163362   0.43338847   3.33525667   6.29666581   2.93933566
 [   15.90572363  -0.82600273  -8.95586311  67.12426848 147.29341341  15.93165428  -0.43338858   3.33526661   2.93934071   6.29667226]
 [   -0.91192547  -2.01494702 -95.08724371 -99.94975432 -130.31659471  -1.72090306  -0.96578953  -8.64057105  -4.93265246  -5.60901213]
 [   -0.91191518   2.01494724 -95.08719457 -130.31647428 -99.94975200  -1.72089265   0.96578963  -8.64056610  -5.60900857  -4.93265039]]

0.35
theta_balance = 0.000000
F_convergence:
[[   15.97432926   0.93389522  -1.56122690 161.56966790  83.05106223  16.00179063   0.48922424   4.12692375   7.24290903   3.80028749
 [   15.97432926  -0.93389522  -1.56122690  83.05106223 161.56966790  16.00179063  -0.48922424   4.12692375   3.80028749   7.24290903]
 [    0.38255361  -1.96885714 -95.42004354 -105.46056330 -139.93600350  -0.44586686  -0.94485928  -8.80206532  -5.43281150  -6.25337111]
 [    0.38255361   1.96885714 -95.42004354 -139.93600350 -105.46056330  -0.44586686   0.94485928  -8.80206532  -6.25337111  -5.43281150]]

0.36
theta_balance = 0.000000
F_convergence:
[[   15.92218422   1.03215205   6.95845796 178.91658498 102.14639972  15.95480837   0.54078998   5.04450351   8.39855244   4.87384193
 [   15.92218422  -1.03215205   6.95845796 102.14639972 178.91658498  15.95480837  -0.54078998   5.04450351   4.87384193   8.39855244]
 [    1.88015542  -1.92088814 -95.04708004 -110.77560564 -149.00137574   1.03349235  -0.92306258  -8.90094338  -5.94727652  -6.90751916]
 [    1.88015542   1.92088814 -95.04708004 -149.00137574 -110.77560564   1.03349235   0.92306258  -8.90094338  -6.90751916  -5.94727652]]

0.37
theta_balance = 0.000000
F_convergence:
[[   15.68931712   1.12128063  16.72681187 199.94582452 124.97926681  15.72972519   0.58831657   6.10462992   9.81214442   6.20739611
 [   15.68931712  -1.12128063  16.72681187 124.97926681 199.94582452  15.72972519  -0.58831657   6.10462992   6.20739611   9.81214442]
 [    3.60262619  -1.87206865 -93.60998361 -115.22021033 -156.85495444   2.74043851  -0.90086336  -8.90051910  -6.44062214  -7.53573927]
 [    3.60262619   1.87206865 -93.60998361 -156.85495444 -115.22021033   2.74043851   0.90086336  -8.90051910  -7.53573927  -6.44062214]]

