0.12
theta_balance = 0.0
F_convergence:
 -1.13499975  -0.98487763 -48.03170012  40.21828322  -2.87677151  -0.14564432  -0.51215819  -2.64109481   0.81898573  -0.14278147
 -1.13487811   0.98490939 -48.02855702  -2.87731859  40.21849834  -0.14562140   0.51217930  -2.64104793  -0.14277993   0.81903654
  1.11974141  -1.47159949 -47.41390979 -37.28796687  -1.98466044   1.01908538  -0.48302620  -3.12054566  -0.88606854  -0.17725902
  1.11986720   1.47159974 -47.41475511  -1.98735228 -37.28739817   1.01906676   0.48302561  -3.12061480  -0.17725137  -0.88611256

0.13
theta_balance = 0.0
F_convergence:
 -0.79200902  -1.15422669 -42.77975440  44.66228294  -3.51085684  -0.13927021  -0.41956599  -2.46405349   0.87377870  -0.13344532
 -0.79188963   1.15427829 -42.77597394  -3.51311533  44.66191894  -0.13924363   0.41959905  -2.46407792  -0.13343378   0.87385680
  0.63754414  -1.31796105 -51.79244520 -33.04324253  -3.86798056   1.11494452  -0.55316729  -3.83444902  -0.79206732  -0.23131411
  0.63764087   1.31796215 -51.79226976  -3.86991712 -33.04310165   1.11492928   0.55316660  -3.83447674  -0.23131544  -0.79211107

0.14
theta_balance = 0.0
F_convergence:
 -0.74471664  -0.80632846 -47.16092180  42.12410484  -3.90895398  -0.13965211  -0.45964855  -2.60866588   0.82452733  -0.14096303
 -0.74458885   0.80634616 -47.15557125  -3.91083280  42.12520684  -0.13960083   0.45966138  -2.60863264  -0.14095009   0.82465983
  0.70843423  -0.79346309 -47.82151180 -37.05086249  -3.33112424   1.15659305  -0.46837586  -3.34355813  -0.86267141  -0.20128632
  0.70854993   0.79347169 -47.82472962  -3.33401964 -37.04856192   1.15655511   0.46837891  -3.34360308  -0.20128883  -0.86277423

0.15
theta_balance = 0.0
F_convergence:
 -0.61201553  -0.70997837 -50.60339548  39.63212075  -4.15585571  -0.14251712  -0.50466402  -2.71596569   0.77367886  -0.14289403
 -0.61187096   0.71000993 -50.59555636  -4.15912985  39.63368971  -0.14243700   0.50469096  -2.71596726  -0.14287520   0.77388403
  0.67121217  -0.59205378 -44.21989449 -40.28191577  -2.80568544   1.18892983  -0.41110936  -2.97282853  -0.91864740  -0.17620833
  0.67131069   0.59206318 -44.22497627  -2.80984806 -40.27876081   1.18886013   0.41111362  -2.97286520  -0.17621590  -0.91882920

0.16
theta_balance = 0.0
F_convergence:
 -0.44211178  -0.57827193 -53.27520198  37.30107087  -4.27488700  -0.14634074  -0.53332156  -2.79566061   0.72514665  -0.14058696
 -0.44206144   0.57828526 -53.27675875  -4.27510789  37.29952766  -0.14636901   0.53333512  -2.79570062  -0.14058901   0.72508219
  0.54759210  -0.40491152 -41.04940301 -42.86145153  -2.31665404   1.21603642  -0.35297391  -2.68161655  -0.96418557  -0.15553145
  0.54759309   0.40490393 -41.04625445  -2.31481358 -42.86322098   1.21606527   0.35296687  -2.68158323  -0.15553211  -0.96411278

0.17
theta_balance = 0.0
F_convergence:
 -0.29298004  -0.35881313 -55.40457285  35.13355298  -4.31452455  -0.15076307  -0.53753367  -2.85776010   0.67872975  -0.13539050
 -0.29278813   0.35882767 -55.40792598  -4.31415411  35.13103502  -0.15081888   0.53754517  -2.85779180  -0.13539573   0.67859852
  0.40373557  -0.22319589 -38.22436695 -44.96487501  -1.86871327   1.24173708  -0.28812817  -2.44497451  -1.00098009  -0.13854655
  0.40381861   0.22318471 -38.21880185  -1.86509446 -44.96777541   1.24180167   0.28811593  -2.44493622  -0.13854490  -1.00082211

0.18
theta_balance = 0.0
F_convergence:
 -0.18254394  -0.19099892 -57.11546812  33.15553409  -4.31326440  -0.15525427  -0.53820254  -2.90695997   0.63598536  -0.12911159
 -0.18238377   0.19104207 -57.11405776  -4.31508339  33.15428762  -0.15525372   0.53823168  -2.90702181  -0.12910614   0.63599443
  0.27664531  -0.13366230 -35.71513761 -46.68524465  -1.46617734   1.26709655  -0.23164556  -2.24843276  -1.03049144  -0.12525239
  0.27668851   0.13364839 -35.71387050  -1.46502484 -46.68588844   1.26709735   0.23163600  -2.24837680  -0.12526112  -1.03049014

0.19
theta_balance = 0.0
F_convergence:
 -0.12844560  -0.12328482 -58.50861656  31.35395317  -4.29920251  -0.15951266  -0.54513523  -2.94704282   0.59694576  -0.12246654
 -0.12835729   0.12334051 -58.50594515  -4.30151352  31.35327797  -0.15949380   0.54516735  -2.94711256  -0.12245880   0.59699817
  0.21220392  -0.11537160 -33.47318649 -48.11322426  -1.09778522   1.29318049  -0.18492819  -2.08140178  -1.05444475  -0.11489633
  0.21220129   0.11535361 -33.47365507  -1.09745930 -48.11302639   1.29315557   0.18492019  -2.08133331  -0.11490930  -1.05450271

0.20
theta_balance = 0.0
F_convergence:
 -0.10156206  -0.09296592 -59.64433109  29.73384743  -4.27835107  -0.16341587  -0.55210828  -2.97968876   0.56167740  -0.11565653
 -0.10161006   0.09299798 -59.64465948  -4.27890623  29.73251387  -0.16343552   0.55212102  -2.97970939  -0.11565576   0.56163724
  0.18156877  -0.11142867 -31.48559443 -49.29968796  -0.76790229   1.31892001  -0.14282812  -1.93943729  -1.07403413  -0.10715270
  0.18151159   0.11142012 -31.48336124  -0.76591379 -49.30069435   1.31894835   0.14281807  -1.93941386  -0.10715529  -1.07396809

0.21
theta_balance = 0.0
F_convergence:
 -0.09895001  -0.09147604 -60.57649247  28.28356039  -4.24920889  -0.16681581  -0.55896700  -3.00630321   0.53010208  -0.10896115
 -0.09886551   0.09152124 -60.57389666  -4.25113101  28.28355403  -0.16678911   0.55899204  -3.00636165  -0.10895458   0.53016809
  0.18980836  -0.10701076 -29.72765241 -50.29008432  -0.46251400   1.34429870  -0.10387350  -1.81729680  -1.09046418  -0.10151404
  0.18979899   0.10699263 -29.72937993  -0.46286850 -50.28934764   1.34425671   0.10386957  -1.81722542  -0.10152825  -1.09055660

0.22
theta_balance = 0.0
F_convergence:
 -0.11234936  -0.10738301 -61.35022401  26.99023013  -4.23119963  -0.16981864  -0.56965023  -3.02850057   0.50170643  -0.10248380
 -0.11221924   0.10741951 -61.34735245  -4.23312589  26.99070810  -0.16978228   0.56967406  -3.02856161  -0.10247707   0.50179203
  0.23008536  -0.09802746 -28.16285821 -51.12258881  -0.18589498   1.36914514  -0.06817587  -1.71197071  -1.10411649  -0.09774632
  0.23008488   0.09801100 -28.16563689  -0.18697702 -51.12143355   1.36908416   0.06817578  -1.71188872  -0.09776303  -1.10424827

0.23
theta_balance = 0.0
F_convergence:
 -0.13381930  -0.14111781 -61.98754673  25.84333968  -4.21448114  -0.17223788  -0.58396138  -3.04692420   0.47656032  -0.09619607
 -0.13375144   0.14110377 -61.99059186  -4.21280149  25.84179335  -0.17229135   0.58394409  -3.04686241  -0.09620204   0.47643985
  0.29100585  -0.08429905 -26.78757704 -51.81876848   0.06664864   1.39293116  -0.03459971  -1.62048029  -1.11626383  -0.09554067
  0.29099436   0.08430261 -26.78286662   0.06953733 -51.82066521   1.39302755   0.03458853  -1.62056880  -0.09552175  -1.11605885

0.24
theta_balance = 0.0
F_convergence:
 -0.15615188  -0.19885829 -62.52550780  24.82910225  -4.20710346  -0.17434128  -0.60103117  -3.06233172   0.45389056  -0.09015622
 -0.15617443   0.19885518 -62.52641580  -4.20660356  24.82853809  -0.17435902   0.60102597  -3.06231162  -0.09015799   0.45385148
  0.35877099  -0.06734206 -25.56109788 -52.40981304   0.29735162   1.41574101  -0.00250059  -1.54140181  -1.12648686  -0.09474578
  0.35874750   0.06734218 -25.55950998   0.29835617 -52.41043778   1.41577398   0.00249589  -1.54143354  -0.09473919  -1.12641704

0.25
theta_balance = 0.0
F_convergence:
 -0.17090972  -0.26075103 -62.97023623  23.95298089  -4.20898498  -0.17596730  -0.62154841  -3.07507188   0.43395762  -0.08432674
 -0.17088065   0.26074692 -62.97106841  -4.20845634  23.95252048  -0.17598241   0.62154245  -3.07505084  -0.08432843   0.43392308
  0.41240374  -0.04928941 -24.49189549 -52.90709718   0.50009187   1.43700443   0.02862376  -1.47360188  -1.13572329  -0.09529296
  0.41238949   0.04928849 -24.49047907   0.50089067 -52.90764250   1.43703438  -0.02862786  -1.47363644  -0.09528596  -1.13565957

0.26
theta_balance = 0.0
F_convergence:
 -0.17572117  -0.30688069 -63.33751052  23.20345212  -4.21599782  -0.17720538  -0.63769902  -3.08555908   0.41661944  -0.07881585
 -0.17575042   0.30688133 -63.33737555  -4.21609083  23.20352869  -0.17720305   0.63770002  -3.08556278  -0.07881559   0.41662517
  0.44308145  -0.03032549 -23.56613786 -53.32854812   0.67496070   1.45677722   0.05964971  -1.41647886  -1.14397936  -0.09709414
  0.44306879   0.03032611 -23.56637903   0.67482474 -53.32846072   1.45677173  -0.05964876  -1.41647270  -0.09709541  -1.14399033

0.27
theta_balance = 0.0
F_convergence:
 -0.16686318  -0.29382562 -63.64116119  22.55508595  -4.21393444  -0.17806984  -0.63275228  -3.09416840   0.40203896  -0.07400246
 -0.16690311   0.29383065 -63.64008450  -4.21467938  22.55582933  -0.17804792   0.63276092  -3.09420003  -0.07400019   0.40208823
  0.43741759  -0.01561145 -22.76759123 -53.69326186   0.82095924   1.47487041   0.09004633  -1.36841967  -1.15170229  -0.10001368
  0.43740983   0.01561461 -22.76972434   0.81976382 -53.69248185   1.47482249  -0.09003817  -1.36836232  -0.10002556  -1.15179921

0.28
theta_balance = 0.0
F_convergence:
 -0.14385782  -0.22161215 -63.89161728  21.99317918  -4.20002509  -0.17859035  -0.60299043  -3.10126954   0.39035414  -0.07021163
 -0.14389433   0.22161129 -63.89188135  -4.19984622  21.99295942  -0.17859651   0.60298828  -3.10126152  -0.07021223   0.39034118
  0.39025123  -0.01331890 -22.08277878 -54.01376157   0.93557623   1.49126158   0.11736424  -1.32818786  -1.15924281  -0.10389234
  0.39023453   0.01331890 -22.08220529   0.93590466 -54.01397164   1.49127438  -0.11736652  -1.32820371  -0.10388899  -1.15921676

0.29
theta_balance = 0.0
F_convergence:
 -0.10844552  -0.14014682 -64.09962068  21.51560649  -4.18364190  -0.17886330  -0.56311655  -3.10709884   0.38112580  -0.06730262
 -0.10849325   0.14014635 -64.10009449  -4.18330095  21.51516190  -0.17887470   0.56311279  -3.10708304  -0.06730367   0.38110082
  0.30313466  -0.02425978 -21.49459752 -54.30097084   1.02196325   1.50618703   0.14079980  -1.29495380  -1.16657558  -0.10854169
  0.30311425   0.02426023 -21.49347953   1.02259918 -54.30137101   1.50621176  -0.14080434  -1.29498615  -0.10853502  -1.16652417

0.30
theta_balance = 0.0
F_convergence:
 -0.06523933  -0.07928212 -64.27071037  21.12496554  -4.17473330  -0.17890791  -0.52640510  -3.11183939   0.37390554  -0.06493672
 -0.06522316   0.07928123 -64.27036292  -4.17498567  21.12532393  -0.17889938   0.52640772  -3.11185122  -0.06493597   0.37392475
  0.18694868  -0.04262754 -20.99549667 -54.55991121   1.08636957   1.51989180   0.16201962  -1.26779163  -1.17384314  -0.11383343
  0.18690944   0.04262697 -20.99636976   1.08582445 -54.55962276   1.51987124  -0.16201566  -1.26776727  -0.11383854  -1.17388358

0.31
theta_balance = 0.0
F_convergence:
 -0.02239617  -0.04100506 -64.41224276  20.81293173  -4.18527040  -0.17884029  -0.49557753  -3.11590320   0.36824337  -0.06293290
 -0.02235443   0.04101051 -64.41263187  -4.18493239  20.81243988  -0.17885111   0.49557494  -3.11588636  -0.06293367   0.36821822
  0.06529374  -0.06124105 -20.56946725 -54.79349788   1.13538991   1.53287719   0.18272927  -1.24603267  -1.18072750  -0.11977477
  0.06523790   0.06123820 -20.56833182   1.13602359 -54.79389741   1.53290173  -0.18273471  -1.24606890  -0.11976742  -1.18067409

0.32
theta_balance = 0.0
F_convergence:
  0.00744527  -0.02220232 -64.52469175  20.57303151  -4.21174884  -0.17860090  -0.46952237  -3.11937623   0.36418341  -0.06126284
  0.00747693   0.02226058 -64.52804869  -4.20903737  20.56865922  -0.17869469   0.46949988  -3.11924077  -0.06126971   0.36396916
 -0.02283019  -0.07126481 -20.21972168 -54.99051027   1.18305761   1.54563477   0.20396893  -1.22846142  -1.18757794  -0.12617899
 -0.02288213   0.07125472 -20.20989778   1.18915567 -54.99379274   1.54585651  -0.20401869  -1.22875733  -0.12611693  -1.18711755

0.33
theta_balance = 0.0
F_convergence:
  0.00867745  -0.02164569 -64.61940932  20.38601658  -4.26123278  -0.17847404  -0.45127494  -3.12244868   0.36091785  -0.05975231
  0.00871125   0.02164103 -64.61841985  -4.26196194  20.38706333  -0.17845058   0.45128363  -3.12248193  -0.05975017   0.36097116
 -0.02694838  -0.06501921 -19.91510484 -55.14314418   1.25523632   1.55937851   0.22799402  -1.21485555  -1.19311518  -0.13293292
 -0.02701835   0.06501527 -19.91761560   1.25365643 -55.14233966   1.55932131  -0.22798239  -1.21478326  -0.13294855  -1.19323029

0.34
theta_balance = 0.0
F_convergence:
 -0.05562898  -0.06154211 -64.69631448  20.24665961  -4.36260493  -0.17843114  -0.45388059  -3.12593952   0.35770268  -0.05763553
 -0.05561345   0.06155862 -64.69666153  -4.36226766  20.24580929  -0.17844614   0.45387958  -3.12591894  -0.05763616   0.35766799
  0.17114550  -0.02003897 -19.65476620 -55.20292181   1.38502648   1.57539731   0.26159619  -1.20282344  -1.19713452  -0.14025136
  0.17109201   0.02003133 -19.65323259   1.38614756 -55.20341026   1.57543251  -0.26160804  -1.20287054  -0.14024153  -1.19705871

0.35
theta_balance = 0.0
F_convergence:
 -0.22181421  -0.76107923 -64.76359707  20.37340740  -4.77262478  -0.17870254  -0.75414400  -3.13032779   0.33915270  -0.04009582
 -0.22181086   0.76107330 -64.76395220  -4.77237804  20.37344812  -0.17870490   0.75413806  -3.13032201  -0.04009664   0.33914729
  0.69256274   0.39053356 -19.41240802 -55.22284695   1.75456896   1.59560747   0.45012758  -1.19062239  -1.19046964  -0.15552900
  0.69256705  -0.39053287 -19.41203195   1.75454751 -55.22299108   1.59561318  -0.45012676  -1.19063334  -0.15552645  -1.19045852

