0.12
theta_balance = 0
F_convergence:
[[  0.48311784  -0.54196128 -64.86837424  23.70553551  -9.89987192
    1.54661595  -0.60616122  -3.19137263   0.62926267  -0.1995242 ]
 [  0.48311784   0.54196128 -64.86837424  -9.89987192  23.70553551
    1.54661595   0.60616122  -3.19137263  -0.1995242    0.62926267]
 [ -1.62986929  -0.44415901 -19.65387817 -43.92854698  -4.35484453
   -5.25387024  -0.4953378   -1.23603317  -1.21142887  -0.3947738 ]
 [ -1.62986929   0.44415901 -19.65387817  -4.35484453 -43.92854698
   -5.25387024   0.4953378   -1.23603317  -0.3947738   -1.21142887]]

0.13
theta_balance = 0
F_convergence:
[[  0.46430272  -0.54476185 -65.15023227  23.46459934 -10.1860049
    1.45829994  -0.60983931  -3.20513075   0.6339685   -0.20999842]
 [  0.46430272   0.54476185 -65.15023227 -10.1860049   23.46459934
    1.45829994   0.60983931  -3.20513075  -0.20999842   0.6339685 ]
 [ -1.65342359  -0.44079531 -18.67395742 -44.76907046  -4.66060065
   -5.22894368  -0.4919255   -1.17386737  -1.25583029  -0.42115064]
 [ -1.65342359   0.44079531 -18.67395742  -4.66060065 -44.76907046
   -5.22894368   0.4919255   -1.17386737  -0.42115064  -1.25583029]]

0.14
theta_balance = 0
F_convergence:
[[  0.44733691  -0.54758708 -65.3958778   23.24314901 -10.4388586
    1.37904576  -0.61355625  -3.21707993   0.63937769  -0.22028663]
 [  0.44733691   0.54758708 -65.3958778  -10.4388586   23.24314901
    1.37904576   0.61355625  -3.21707993  -0.22028663   0.63937769]
 [ -1.67848306  -0.43735625 -17.77240571 -45.61168575  -4.97597152
   -5.20996793  -0.48842065  -1.11752078  -1.30244444  -0.44915998]
 [ -1.67848306   0.43735625 -17.77240571  -4.97597152 -45.61168575
   -5.20996793   0.48842065  -1.11752078  -0.44915998  -1.30244444]]

0.15
theta_balance = 0
F_convergence:
[[  0.43138242  -0.55040327 -65.61128725  23.02876965 -10.6707492
    1.30804391  -0.61727185  -3.22753958   0.64523902  -0.23059756]
 [  0.43138242   0.55040327 -65.61128725 -10.6707492   23.02876965
    1.30804391   0.61727185  -3.22753958  -0.23059756   0.64523902]
 [ -1.70283496  -0.43388201 -16.93951104 -46.40847727  -5.25682837
   -5.19877058  -0.4848668   -1.06610108  -1.35015366  -0.47775678]
 [ -1.70283496   0.43388201 -16.93951104  -5.25682837 -46.40847727
   -5.19877058   0.4848668   -1.06610108  -0.47775678  -1.35015366]]

0.16
theta_balance = 0
F_convergence:
[[  0.41621313  -0.55318394 -65.80069993  22.81915478 -10.88592135
    1.24372049  -0.62095369  -3.23673685   0.65142299  -0.24104685]
 [  0.41621313   0.55318394 -65.80069993 -10.88592135  22.81915478
    1.24372049   0.62095369  -3.23673685  -0.24104685   0.65142299]
 [ -1.72568404  -0.43040558 -16.16938207 -47.15319988  -5.49852454
   -5.19200574  -0.48129927  -1.0189623   -1.3982938   -0.50632425]
 [ -1.72568404   0.43040558 -16.16938207  -5.49852454 -47.15319988
   -5.19200574   0.48129927  -1.0189623   -0.50632425  -1.3982938 ]]

0.17
theta_balance = 0
F_convergence:
[[  0.40175137  -0.55591679 -65.96779935  22.61364843 -11.08591314
    1.18505212  -0.62458681  -3.24485727   0.65787346  -0.25165945]
 [  0.40175137   0.55591679 -65.96779935 -11.08591314  22.61364843
    1.18505212   0.62458681  -3.24485727  -0.25165945   0.65787346]
 [ -1.74684386  -0.42694356 -15.45623386 -47.84719605  -5.70351152
   -5.18804808  -0.47773624  -0.97559225  -1.44658774  -0.53463243]
 [ -1.74684386   0.42694356 -15.45623386  -5.70351152 -47.84719605
   -5.18804808   0.47773624  -0.97559225  -0.53463243  -1.44658774]]

0.18
theta_balance = 0
F_convergence:
[[  0.38796226  -0.55859591 -66.11572326  22.41205789 -11.27145978
    1.13127992  -0.62816401  -3.25205492   0.66456057  -0.26243014]
 [  0.38796226   0.55859591 -66.11572326 -11.27145978  22.41205789
    1.13127992   0.62816401  -3.25205492  -0.26243014   0.66456057]
 [ -1.76634577  -0.42350502 -14.79468941 -48.4940397   -5.8760853
   -5.18600409  -0.47418796  -0.93556398  -1.49491077  -0.56260038]
 [ -1.76634577   0.42350502 -14.79468941  -5.8760853  -48.4940397
   -5.18600409   0.47418796  -0.93556398  -0.56260038  -1.49491077]]

0.19
theta_balance = 0
F_convergence:
[[  0.37482189  -0.56121857 -66.24712493  22.21431849 -11.44309644
    1.0817973   -0.63168193  -3.25845861   0.6714647   -0.2733445 ]
 [  0.37482189   0.56121857 -66.24712493 -11.44309644  22.21431849
    1.0817973    0.63168193  -3.25845861  -0.2733445    0.6714647 ]
 [ -1.78429936  -0.42009524 -14.17987005 -49.09784148  -6.0207569
   -5.18531519  -0.47066052  -0.89851384  -1.54320366  -0.59020829]
 [ -1.78429936   0.42009524 -14.17987005  -6.0207569  -49.09784148
   -5.18531519   0.47066052  -0.89851384  -0.59020829  -1.54320366]]

0.2
theta_balance = 0
F_convergence:
[[  0.36230674  -0.56378381 -66.36424591  22.02037367 -11.60135741
    1.03610684  -0.63513924  -3.26417649   0.67857088  -0.28438597]
 [  0.36230674   0.56378381 -66.36424591 -11.60135741  22.02037367
    1.03610684   0.63513924  -3.26417649  -0.28438597   0.67857088]
 [ -1.80083577  -0.41671735 -13.60738938 -49.66251232  -6.14158164
   -5.18562973  -0.46715772  -0.86412867  -1.59143779  -0.61746283]
 [ -1.80083577   0.41671735 -13.60738938  -6.14158164 -49.66251232
   -5.18562973   0.46715772  -0.86412867  -0.61746283  -1.59143779]]

0.21
theta_balance = 0
F_convergence:
[[  0.35039219  -0.56629163 -66.46898013  21.83017253 -11.74681599
    0.99378634  -0.63853576  -3.2692996    0.68586631  -0.29553905]
 [  0.35039219   0.56629163 -66.46898013 -11.74681599  21.83017253
    0.99378634   0.63853576  -3.2692996   -0.29553905   0.68586631]
 [ -1.81608832  -0.41337324 -13.07333142 -50.19172525  -6.24216839
   -5.18668645  -0.46368193  -0.83213702  -1.63959902  -0.64438126]
 [ -1.81608832   0.41337324 -13.07333142  -6.24216839 -50.19172525
   -5.18668645   0.46368193  -0.83213702  -0.64438126  -1.63959902]]

0.22
theta_balance = 0
F_convergence:
[[  0.33905168  -0.56874262 -66.56293274  21.64364696 -11.88009274
    0.95447826  -0.64187196  -3.27390489   0.69333963  -0.30678969]
 [  0.33905168   0.56874262 -66.56293274 -11.88009274  21.64364696
    0.95447826   0.64187196  -3.27390489  -0.30678969   0.69333963]
 [ -1.83018146  -0.41006401 -12.57420072 -50.68873058  -6.32554825
   -5.18831012  -0.46023462  -0.80230239  -1.68768097  -0.67098523]
 [ -1.83018146   0.41006401 -12.57420072  -6.32554825 -50.68873058
   -5.18831012   0.46023462  -0.80230239  -0.67098523  -1.68768097]]

0.23
theta_balance = 0
F_convergence:
[[  0.32825778  -0.57113774 -66.64746753  21.46072543 -12.00183702
    0.91787417  -0.64514875  -3.27805765   0.70098044  -0.31812567]
 [  0.32825778   0.57113774 -66.64746753 -12.00183702  21.46072543
    0.91787417   0.64514875  -3.27805765  -0.31812567   0.70098044]
 [ -1.84322916  -0.40679025 -12.10688192 -51.15645183  -6.39430702
   -5.19036709  -0.45681671  -0.77441788  -1.735681    -0.69729728]
 [ -1.84322916   0.40679025 -12.10688192  -6.39430702 -51.15645183
   -5.19036709   0.45681671  -0.77441788  -0.69729728  -1.735681  ]]

0.24
theta_balance = 0
F_convergence:
[[  0.31798181  -0.57347814 -66.72374805  21.28130848 -12.1127176
    0.88371611  -0.64836723  -3.28181348   0.70877961  -0.32953561]
 [  0.31798181   0.57347814 -66.72374805 -12.1127176   21.28130848
    0.88371611   0.64836723  -3.28181348  -0.32953561   0.70877961]
 [ -1.85533065  -0.40355222 -11.66859039 -51.59727033  -6.45041423
   -5.19281577  -0.4534287   -0.74830182  -1.78360014  -0.72334132]
 [ -1.85533065   0.40355222 -11.66859039  -6.45041423 -51.59727033
   -5.19281577   0.4534287   -0.74830182  -0.72334132  -1.78360014]]

0.25
theta_balance = 0
F_convergence:
[[  0.30819449  -0.57576508 -66.79277007  21.10526645 -12.21340422
    0.85179255  -0.65152868  -3.28521988   0.71672959  -0.34100812]
 [  0.30819449   0.57576508 -66.79277007 -12.21340422  21.10526645
    0.85179255   0.65152868  -3.28521988  -0.34100812   0.71672959]
 [ -1.8665701   -0.40034997 -11.25683614 -52.01296883  -6.49519871
   -5.1957241   -0.45007089  -0.72379426  -1.83144381  -0.7491439 ]
 [ -1.8665701    0.40034997 -11.25683614  -6.49519871 -52.01296883
   -5.1957241    0.45007089  -0.72379426  -0.7491439   -1.83144381]]

0.26
theta_balance = 0
F_convergence:
[[  0.2988711   -0.5779999  -66.85538497  20.93257927 -12.30452887
    0.82187884  -0.6546344   -3.28831757   0.72482102  -0.35253704]
 [  0.2988711    0.5779999  -66.85538497 -12.30452887  20.93257927
    0.82187884   0.6546344   -3.28831757  -0.35253704   0.72482102]
 [ -1.87703637  -0.39718338 -10.86941432 -52.40609959  -6.53067634
   -5.19890854  -0.4467433   -0.70075362  -1.87921057  -0.77472199]
 [ -1.87703637   0.39718338 -10.86941432  -6.53067634 -52.40609959
   -5.19890854   0.4467433   -0.70075362  -0.77472199  -1.87921057]]

0.27
theta_balance = 0
F_convergence:
[[  0.29106859  -0.58020806 -66.91192165  20.79785859 -12.38192157
    0.77962497  -0.65769475  -3.29115131   0.73205986  -0.3656821 ]
 [  0.29106859   0.58020806 -66.91192165 -12.38192157  20.79785859
    0.77962497   0.65769475  -3.29115131  -0.3656821    0.73205986]
 [ -1.89186927  -0.39401496 -10.50756036 -53.15515653  -6.91762576
   -5.10462127  -0.44338585  -0.67892777  -1.9238541   -0.79665857]
 [ -1.89186927   0.39401496 -10.50756036  -6.91762576 -53.15515653
   -5.10462127   0.44338585  -0.67892777  -0.79665857  -1.9238541 ]]

0.28
theta_balance = 0
F_convergence:
[[  0.2824166   -0.58234598 -66.96404598  20.62765493 -12.45775717
    0.75459514  -0.66069797  -3.29373935   0.74045121  -0.37723792]
 [  0.2824166    0.58234598 -66.96404598 -12.45775717  20.62765493
    0.75459514   0.66069797  -3.29373935  -0.37723792   0.74045121]
 [ -1.90044081  -0.39091384 -10.16162949 -53.47672498  -6.90752188
   -5.11543724  -0.44011359  -0.65842427  -1.97135891  -0.82174215]
 [ -1.90044081   0.39091384 -10.16162949  -6.90752188 -53.47672498
   -5.11543724   0.44011359  -0.65842427  -0.82174215  -1.97135891]]

0.29
theta_balance = 0
F_convergence:
[[  0.27343571  -0.58440567 -67.01165995  20.43406814 -12.52666315
    0.74242795  -0.66363099  -3.29608675   0.74986319  -0.38740703]
 [  0.27343571   0.58440567 -67.01165995 -12.52666315  20.43406814
    0.74242795   0.66363099  -3.29608675  -0.38740703   0.74986319]
 [ -1.90450669  -0.38789425  -9.83425299 -53.46954126  -6.59526253
   -5.20919945  -0.43693981  -0.63924235  -2.02204554  -0.85026971]
 [ -1.90450669   0.38789425  -9.83425299  -6.59526253 -53.46954126
   -5.20919945   0.43693981  -0.63924235  -0.85026971  -2.02204554]]

0.3
theta_balance = 0
F_convergence:
[[  0.2663482   -0.58647738 -67.05517328  20.29833958 -12.58559933
    0.70849351  -0.66654834  -3.29828173   0.75758502  -0.4004708 ]
 [  0.2663482    0.58647738 -67.05517328 -12.58559933  20.29833958
    0.70849351   0.66654834  -3.29828173  -0.4004708    0.75758502]
 [ -1.91612589  -0.38481765  -9.52597047 -54.07977132  -6.88128903
   -5.13526019  -0.43366     -0.62074058  -2.06622703  -0.8714787 ]
 [ -1.91612589   0.38481765  -9.52597047  -6.88128903 -54.07977132
   -5.13526019   0.43366     -0.62074058  -0.8714787   -2.06622703]]

0.31
theta_balance = 0
F_convergence:
[[  0.25887704  -0.58847383 -67.09509895  20.13887057 -12.63879475
    0.68723449  -0.66939855  -3.30028005   0.76631431  -0.41213929]
 [  0.25887704   0.58847383 -67.09509895 -12.63879475  20.13887057
    0.68723449   0.66939855  -3.30028005  -0.41213929   0.76631431]
 [ -1.92331114  -0.3818213   -9.23337811 -54.3626417   -6.8655436
   -5.14443973  -0.43047758  -0.603387    -2.11358446  -0.89615298]
 [ -1.92331114   0.3818213   -9.23337811  -6.8655436  -54.3626417
   -5.14443973   0.43047758  -0.603387    -0.89615298  -2.11358446]]

0.32
theta_balance = 0
F_convergence:
[[  0.25174928  -0.59042604 -67.13178408  19.98267969 -12.68555489
    0.66704942  -0.67220071  -3.30212119   0.77514318  -0.42383876]
 [  0.25174928   0.59042604 -67.13178408 -12.68555489  19.98267969
    0.66704942   0.67220071  -3.30212119  -0.42383876   0.77514318]
 [ -1.93010457  -0.37885856  -8.95593455 -54.63423817  -6.84854404
   -5.15315405  -0.42732393  -0.58692456  -2.1608851   -0.92070859]
 [ -1.93010457   0.37885856  -8.95593455  -6.84854404 -54.63423817
   -5.15315405   0.42732393  -0.58692456  -0.92070859  -2.1608851 ]]

0.33
theta_balance = 0
F_convergence:
[[  0.24458357  -0.59230149 -67.16527584  19.81222408 -12.7238566
    0.65560834  -0.67493002  -3.30379298   0.78479661  -0.4343926 ]
 [  0.24458357   0.59230149 -67.16527584 -12.7238566   19.81222408
    0.65560834   0.67493002  -3.30379298  -0.4343926    0.78479661]
 [ -1.9339533   -0.37598309  -8.69440408 -54.66947379  -6.61653804
   -5.22347779  -0.4242731   -0.57150705  -2.2114235   -0.94877378]
 [ -1.9339533    0.37598309  -8.69440408  -6.61653804 -54.66947379
   -5.22347779   0.4242731   -0.57150705  -0.94877378  -2.2114235 ]]

0.34
theta_balance = 0
F_convergence:
[[  0.2381404   -0.59416906 -67.1963984   19.66390528 -12.75867161
    0.63664762  -0.67763923  -3.30536513   0.7937686   -0.44620318]
 [  0.2381404    0.59416906 -67.1963984  -12.75867161  19.66390528
    0.63664762   0.67763923  -3.30536513  -0.44620318   0.7937686 ]
 [ -1.94030415  -0.37308647  -8.44435827 -54.93768466  -6.61414317
   -5.22709358  -0.42117564  -0.55663463  -2.25858211  -0.97308834]
 [ -1.94030415   0.37308647  -8.44435827  -6.61414317 -54.93768466
   -5.22709358   0.42117564  -0.55663463  -0.97308834  -2.25858211]]

0.35
theta_balance = 0
F_convergence:
[[  0.23196549  -0.59599589 -67.22515755  19.51800822 -12.78843796
    0.61875634  -0.68030417  -3.30682154   0.80283975  -0.4580125 ]
 [  0.23196549   0.59599589 -67.22515755 -12.78843796  19.51800822
    0.61875634   0.68030417  -3.30682154  -0.4580125    0.80283975]
 [ -1.94627254  -0.37022233  -8.20640124 -55.19107408  -6.60586786
   -5.23180986  -0.41810637  -0.54247542  -2.30573668  -0.99737611]
 [ -1.94627254   0.37022233  -8.20640124  -6.60586786 -55.19107408
   -5.23180986   0.41810637  -0.54247542  -0.99737611  -2.30573668]]